 172 3936     1 longslit 1  172.5 3936.0 6074.3  8.314535
1463 3944     1 longslit 1 1463.5 3944.3 6074.3  8.314535
 176 3852     1 longslit 1  175.7 3851.7 6163.6  8.384948
1465 3860     1 longslit 1 1465.3 3860.1 6163.6  8.384948
 178 3801     1 longslit 1  177.6 3801.4 6217.3  8.424075
1466 3810     1 longslit 1 1466.4 3809.8 6217.3  8.424075
 179 3755     1 longslit 1  179.3 3755.4 6266.5  8.457909
1467 3764     1 longslit 1 1467.4 3763.8 6266.5  8.457909
 182 3692     1 longslit 1  181.6 3692.2 6334.4  8.501534
1469 3701     1 longslit 1 1468.8 3700.7 6334.4  8.501534
 184 3630     1 longslit 1  183.9 3629.5 6402.2  8.541690
1470 3638     1 longslit 1 1470.2 3638.1 6402.2  8.541690
 187 3534     1 longslit 1  187.2 3533.7 6506.5  8.597212
1472 3542     1 longslit 1 1472.3 3542.3 6506.5  8.597212
 188 3510     1 longslit 1  188.1 3509.6 6532.9  8.610103
1473 3518     1 longslit 1 1472.9 3518.3 6532.9  8.610103
 190 3449     1 longslit 1  190.1 3449.4 6599.0  8.640502
1474 3458     1 longslit 1 1474.2 3458.1 6599.0  8.640502
 194 3342     1 longslit 1  193.7 3342.5 6717.0  8.688345
1477 3351     1 longslit 1 1476.6 3351.1 6717.0  8.688345
 200 3152     1 longslit 1  199.8 3152.0 6929.5  8.755445
1481 3161     1 longslit 1 1480.8 3160.7 6929.5  8.755445
 206 2935     1 longslit 1  206.2 2935.5 7173.9  8.806588
1486 2944     1 longslit 1 1485.6 2944.3 7173.9  8.806588
 208 2873     1 longslit 1  208.0 2872.9 7245.2  8.816903
1487 2882     1 longslit 1 1487.0 2881.7 7245.2  8.816903
 213 2704     1 longslit 1  212.7 2703.6 7438.9  8.835737
1491 2712     1 longslit 1 1490.7 2712.5 7438.9  8.835737
 201 3120     1 longslit 1  200.7 3120.0 6965.4  8.764609
1482 3129     1 longslit 1 1481.5 3128.7 6965.4  8.764609
 206 2959     1 longslit 1  205.5 2959.2 7147.0  8.802183
1485 2968     1 longslit 1 1485.1 2968.0 7147.0  8.802183
 211 2751     1 longslit 1  211.4 2751.5 7384.0  8.831699
1490 2760     1 longslit 1 1489.7 2760.3 7384.0  8.831699
 217 2534     1 longslit 1  217.1 2533.5 7635.1  8.842484
1494 2542     1 longslit 1 1494.4 2542.4 7635.1  8.842484
 219 2457     1 longslit 1  219.0 2456.7 7724.2  8.841870
1496 2466     1 longslit 1 1496.0 2465.5 7724.2  8.841870
 223 2265     1 longslit 1  223.5 2264.5 7948.2  8.831156
1500 2273     1 longslit 1 1500.1 2273.3 7948.2  8.831156
 229 1995     1 longslit 1  229.2 1995.1 8264.5  8.795790
1506 2004     1 longslit 1 1505.6 2003.9 8264.5  8.795790
 232 1873     1 longslit 1  231.6 1873.5 8408.2  8.772487
1508 1882     1 longslit 1 1508.1 1882.2 8408.2  8.772487
 233 1778     1 longslit 1  233.4 1777.8 8521.4  8.751045
1510 1787     1 longslit 1 1510.0 1786.6 8521.4  8.751045
 236 1654     1 longslit 1  235.5 1654.4 8667.9  8.719292
1512 1663     1 longslit 1 1512.4 1663.1 8667.9  8.719292
 241 1273     1 longslit 1  241.3 1272.7 9123.0  8.590834
1520 1281     1 longslit 1 1519.6 1281.3 9123.0  8.590834
 242 1188     1 longslit 1  242.3 1187.8 9224.5  8.555611
1521 1196     1 longslit 1 1521.2 1196.4 9224.5  8.555611
 244 1079     1 longslit 1  243.6 1079.4 9354.2  8.506819
1523 1088     1 longslit 1 1523.1 1087.9 9354.2  8.506819
 246  826     1 longslit 1  246.1  825.9 9657.8  8.374620
1528  834     1 longslit 1 1527.7  834.3 9657.8  8.374620
 247  720     1 longslit 1  246.9  720.1 9784.5  8.311272
1530  728     1 longslit 1 1529.5  728.4 9784.5  8.311272
 249  145     1 longslit 1  249.3  145.3 10470.5  7.867862
1540  153     1 longslit 1 1539.5  153.2 10470.5  7.867862
