 686 3935     1 longslit2 1  685.8 3934.6 6074.3  -3.195008
 687 3851     1 longslit2 1  686.8 3850.7 6163.6  -3.113278
 687 3801     1 longslit2 1  687.4 3800.5 6217.3  -3.066439
 688 3755     1 longslit2 1  687.9 3754.8 6266.5  -3.024971
 689 3692     1 longslit2 1  688.7 3691.9 6334.4  -2.969966
 689 3629     1 longslit2 1  689.4 3629.4 6402.2  -2.917525
 690 3534     1 longslit2 1  690.5 3533.9 6506.5  -2.841421
 691 3510     1 longslit2 1  690.8 3509.9 6532.9  -2.823024
 691 3450     1 longslit2 1  691.4 3449.9 6599.0  -2.778302
 693 3343     1 longslit2 1  692.7 3343.3 6717.0  -2.703124
 695 3153     1 longslit2 1  694.8 3153.3 6929.5  -2.581752
 697 2937     1 longslit2 1  697.2 2937.3 7173.9  -2.460938
 698 2875     1 longslit2 1  697.9 2874.8 7245.2  -2.428984
 700 2706     1 longslit2 1  699.8 2705.8 7438.9  -2.348375
 695 3121     1 longslit2 1  695.2 3121.4 6965.4  -2.562803
 697 2961     1 longslit2 1  697.0 2960.9 7147.0  -2.473361
 699 2754     1 longslit2 1  699.3 2753.6 7384.0  -2.370354
 702 2536     1 longslit2 1  701.7 2535.9 7635.1  -2.274720
 703 2459     1 longslit2 1  702.5 2459.1 7724.2  -2.243472
 705 2267     1 longslit2 1  704.6 2267.1 7948.2  -2.169786
 708 1998     1 longslit2 1  707.6 1997.8 8264.5  -2.074191
 709 1876     1 longslit2 1  708.9 1876.1 8408.2  -2.032757
 711 1657     1 longslit2 1  711.3 1657.0 8667.9  -1.959073
 716 1190     1 longslit2 1  716.4 1190.3 9224.5  -1.796583
 718 1082     1 longslit2 1  717.6 1081.9 9354.2  -1.756088
 722  722     1 longslit2 1  721.5  722.4 9784.5  -1.609687
 728  148     1 longslit2 1  727.7  147.5 10470.5  -1.321424
