 686 3936     1 longslit2 1  686.3 3935.6 6074.3  -3.219469
 687 3852     1 longslit2 1  687.2 3851.7 6163.6  -3.135369
 688 3802     1 longslit2 1  687.8 3801.5 6217.3  -3.087316
 688 3756     1 longslit2 1  688.3 3755.8 6266.5  -3.044869
 689 3693     1 longslit2 1  689.1 3692.9 6334.4  -2.988714
 690 3630     1 longslit2 1  689.8 3630.4 6402.2  -2.935349
 691 3535     1 longslit2 1  690.9 3534.9 6506.5  -2.858235
 691 3511     1 longslit2 1  691.1 3510.9 6532.9  -2.839658
 692 3451     1 longslit2 1  691.8 3450.9 6599.0  -2.794609
 693 3344     1 longslit2 1  693.0 3344.3 6717.0  -2.719266
 695 3154     1 longslit2 1  695.1 3154.3 6929.5  -2.598789
 698 2938     1 longslit2 1  697.5 2938.3 7173.9  -2.480520
 698 2876     1 longslit2 1  698.2 2875.8 7245.2  -2.449543
 700 2707     1 longslit2 1  700.1 2706.8 7438.9  -2.371972
 695 3122     1 longslit2 1  695.5 3122.4 6965.4  -2.580125
 697 2962     1 longslit2 1  697.3 2961.9 7147.0  -2.492599
 700 2755     1 longslit2 1  699.5 2754.5 7384.0  -2.393043
 702 2537     1 longslit2 1  701.9 2536.9 7635.1  -2.301752
 703 2460     1 longslit2 1  702.8 2460.1 7724.2  -2.272112
 705 2268     1 longslit2 1  704.9 2268.0 7948.2  -2.202389
 708 1999     1 longslit2 1  707.8 1998.7 8264.5  -2.111560
 709 1877     1 longslit2 1  709.1 1877.0 8408.2  -2.071703
 712 1658     1 longslit2 1  711.5 1657.9 8667.9  -1.999490
 717 1191     1 longslit2 1  716.7 1191.2 9224.5  -1.831599
 718 1083     1 longslit2 1  717.9 1082.7 9354.2  -1.787671
 722  723     1 longslit2 1  721.8  723.3 9784.5  -1.622409
 728  149     1 longslit2 1  728.0  148.5 10470.5  -1.274680
