3888.65
4026.19
4387.93
4471.48
4713.14
4921.93
5015.68
5047.738 
5330.780 
5341.090 
5400.560 
5748.300 
5764.420 
5820.1558
5852.490
5875.618
5944.83
5975.530
6029.990
6074.34
6096.160
6143.060
6163.59
6217.28
6266.50
6304.790
6334.43
6382.991
6402.24
6506.53
6532.88
6598.95
6678.280
6717.04
6929.47
6965.43
7032.413
7065.188
7147.04
7173.94
7245.17
7281.349
7383.98
7438.89
7488.871
7503.868
7514.651
7535.774
7635.10
7723.760
7948.18
8006.156
8014.785
8103.692
8115.311
8264.52
8300.324
8377.6065
8408.21
8424.647
8495.3598
8521.44
8591.258
8634.647
8654.384
8667.94
9122.97
9224.50
9354.218
9657.784
9784.501
10470.51
10830.777
