 523 4061     1 longslit2 1  523.0 4061.0 5944.8
 839 4058     1 longslit2 1  839.0 4058.0 5944.8
 523 4032     1 longslit2 1  523.0 4032.0 5975.5
 839 4029     1 longslit2 1  839.0 4029.0 5975.5
 524 3980     1 longslit2 1  524.0 3980.0 6030.0
 840 3977     1 longslit2 1  840.0 3977.0 6030.0
 525 3938     1 longslit2 1  525.0 3938.0 6074.3
 841 3935     1 longslit2 1  841.0 3935.0 6074.3
 525 3917     1 longslit2 1  525.0 3917.0 6096.2
 841 3914     1 longslit2 1  841.0 3914.0 6096.2
 526 3873     1 longslit2 1  526.0 3873.0 6143.1
 841 3870     1 longslit2 1  841.0 3870.0 6143.1
 526 3854     1 longslit2 1  526.0 3854.0 6163.6
 842 3851     1 longslit2 1  842.0 3851.0 6163.6
 527 3804     1 longslit2 1  527.0 3804.0 6217.3
 842 3801     1 longslit2 1  842.0 3801.0 6217.3
 528 3758     1 longslit2 1  528.0 3758.0 6266.5
 843 3755     1 longslit2 1  843.0 3755.0 6266.5
 529 3722     1 longslit2 1  529.0 3722.0 6304.8
 843 3719     1 longslit2 1  843.0 3719.0 6304.8
 529 3695     1 longslit2 1  529.0 3695.0 6334.4
 844 3692     1 longslit2 1  844.0 3692.0 6334.4
 530 3650     1 longslit2 1  530.0 3650.0 6383.0
 844 3647     1 longslit2 1  844.0 3647.0 6383.0
 530 3632     1 longslit2 1  530.0 3632.0 6402.2
 845 3630     1 longslit2 1  845.0 3630.0 6402.2
 532 3537     1 longslit2 1  532.0 3537.0 6506.5
 846 3534     1 longslit2 1  846.0 3534.0 6506.5
 532 3513     1 longslit2 1  532.0 3513.0 6532.9
 846 3510     1 longslit2 1  846.0 3510.0 6532.9
 533 3453     1 longslit2 1  533.0 3453.0 6599.0
 847 3450     1 longslit2 1  847.0 3450.0 6599.0
 534 3381     1 longslit2 1  534.0 3381.0 6678.3
 848 3378     1 longslit2 1  848.0 3378.0 6678.3
 534 3346     1 longslit2 1  534.0 3346.0 6717.0
 848 3344     1 longslit2 1  848.0 3344.0 6717.0
 537 3156     1 longslit2 1  537.0 3156.0 6929.5
 851 3154     1 longslit2 1  851.0 3154.0 6929.5
 538 3124     1 longslit2 1  538.0 3124.0 6965.4
 851 3122     1 longslit2 1  851.0 3122.0 6965.4
 554 1975     1 longslit2 1  554.0 1975.0    0.0
 866 1975     1 longslit2 1  866.0 1975.0    0.0
 554 1975     1 longslit2 1  554.0 1975.0    0.0
 866 1975     1 longslit2 1  866.0 1975.0    0.0
 540 2964     1 longslit2 1  540.0 2964.0 7147.0
 853 2961     1 longslit2 1  853.0 2961.0 7147.0
 541 2940     1 longslit2 1  541.0 2940.0 7173.9
 853 2938     1 longslit2 1  853.0 2938.0 7173.9
 541 2878     1 longslit2 1  541.0 2878.0 7245.2
 854 2875     1 longslit2 1  854.0 2875.0 7245.2
 554 1975     1 longslit2 1  554.0 1975.0    0.0
 866 1975     1 longslit2 1  866.0 1975.0    0.0
 543 2756     1 longslit2 1  543.0 2756.0 7384.0
 856 2754     1 longslit2 1  856.0 2754.0 7384.0
 544 2709     1 longslit2 1  544.0 2709.0 7438.9
 856 2707     1 longslit2 1  856.0 2707.0 7438.9
 544 2665     1 longslit2 1  544.0 2665.0 7488.9
 857 2663     1 longslit2 1  857.0 2663.0 7488.9
 554 1975     1 longslit2 1  554.0 1975.0    0.0
 866 1975     1 longslit2 1  866.0 1975.0    0.0
 554 1975     1 longslit2 1  554.0 1975.0    0.0
 866 1975     1 longslit2 1  866.0 1975.0    0.0
 545 2625     1 longslit2 1  545.0 2625.0 7535.8
 857 2623     1 longslit2 1  857.0 2623.0 7535.8
 554 1975     1 longslit2 1  554.0 1975.0    0.0
 866 1975     1 longslit2 1  866.0 1975.0    0.0
 547 2463     1 longslit2 1  547.0 2463.0 7723.8
 860 2461     1 longslit2 1  860.0 2461.0 7723.8
 550 2270     1 longslit2 1  550.0 2270.0 7948.2
 862 2269     1 longslit2 1  862.0 2269.0 7948.2
 554 1975     1 longslit2 1  554.0 1975.0    0.0
 866 1975     1 longslit2 1  866.0 1975.0    0.0
 554 1975     1 longslit2 1  554.0 1975.0    0.0
 866 1975     1 longslit2 1  866.0 1975.0    0.0
 554 1975     1 longslit2 1  554.0 1975.0    0.0
 866 1975     1 longslit2 1  866.0 1975.0    0.0
 554 1975     1 longslit2 1  554.0 1975.0    0.0
 866 1975     1 longslit2 1  866.0 1975.0    0.0
 553 2001     1 longslit2 1  553.0 2001.0 8264.5
 865 2000     1 longslit2 1  865.0 2000.0 8264.5
 554 1971     1 longslit2 1  554.0 1971.0 8300.3
 866 1969     1 longslit2 1  866.0 1969.0 8300.3
 555 1906     1 longslit2 1  555.0 1906.0 8377.6
 867 1904     1 longslit2 1  867.0 1904.0 8377.6
 554 1975     1 longslit2 1  554.0 1975.0    0.0
 866 1975     1 longslit2 1  866.0 1975.0    0.0
 554 1975     1 longslit2 1  554.0 1975.0    0.0
 866 1975     1 longslit2 1  866.0 1975.0    0.0
 556 1806     1 longslit2 1  556.0 1806.0 8495.4
 868 1805     1 longslit2 1  868.0 1805.0 8495.4
 554 1975     1 longslit2 1  554.0 1975.0    0.0
 866 1975     1 longslit2 1  866.0 1975.0    0.0
 557 1726     1 longslit2 1  557.0 1726.0 8591.3
 869 1724     1 longslit2 1  869.0 1724.0 8591.3
 557 1689     1 longslit2 1  557.0 1689.0 8634.6
 870 1688     1 longslit2 1  870.0 1688.0 8634.6
 557 1673     1 longslit2 1  557.0 1673.0 8654.4
 870 1671     1 longslit2 1  870.0 1671.0 8654.4
 558 1661     1 longslit2 1  558.0 1661.0 8667.9
 870 1660     1 longslit2 1  870.0 1660.0 8667.9
 554 1975     1 longslit2 1  554.0 1975.0    0.0
 866 1975     1 longslit2 1  866.0 1975.0    0.0
 554 1975     1 longslit2 1  554.0 1975.0    0.0
 866 1975     1 longslit2 1  866.0 1975.0    0.0
 564 1087     1 longslit2 1  564.0 1087.0 9354.2
 877 1085     1 longslit2 1  877.0 1085.0 9354.2
 554 1975     1 longslit2 1  554.0 1975.0    0.0
 866 1975     1 longslit2 1  866.0 1975.0    0.0
 568  728     1 longslit2 1  568.0  728.0 9784.5
 882  727     1 longslit2 1  882.0  727.0 9784.5
 574  153     1 longslit2 1  574.0  153.0 10470.5
 889  152     1 longslit2 1  889.0  152.0 10470.5
 576 -151     1 longslit2 -1  576.0 -151.0 10830.8
 893 -152     1 longslit2 -1  893.0 -152.0 10830.8
