 655 3929     1 longslit1 1  655.0 3929.0 6074.3
 978 3930     1 longslit1 1  978.0 3930.0 6074.3
 657 3845     1 longslit1 1  657.0 3845.0 6163.6
 980 3846     1 longslit1 1  980.0 3846.0 6163.6
 659 3795     1 longslit1 1  659.0 3795.0 6217.3
 981 3796     1 longslit1 1  981.0 3796.0 6217.3
 660 3749     1 longslit1 1  660.0 3749.0 6266.5
 982 3750     1 longslit1 1  982.0 3750.0 6266.5
 661 3686     1 longslit1 1  661.0 3686.0 6334.4
 984 3687     1 longslit1 1  984.0 3687.0 6334.4
 663 3624     1 longslit1 1  663.0 3624.0 6402.2
 985 3625     1 longslit1 1  985.0 3625.0 6402.2
 665 3529     1 longslit1 1  665.0 3529.0 6506.5
 987 3530     1 longslit1 1  987.0 3530.0 6506.5
 666 3505     1 longslit1 1  666.0 3505.0 6532.9
 988 3506     1 longslit1 1  988.0 3506.0 6532.9
 667 3445     1 longslit1 1  667.0 3445.0 6599.0
 989 3446     1 longslit1 1  989.0 3446.0 6599.0
 670 3338     1 longslit1 1  670.0 3338.0 6717.0
 991 3339     1 longslit1 1  991.0 3339.0 6717.0
 675 3148     1 longslit1 1  675.0 3148.0 6929.5
 995 3149     1 longslit1 1  995.0 3149.0 6929.5
 680 2932     1 longslit1 1  680.0 2932.0 7173.9
1000 2933     1 longslit1 1 1000.0 2933.0 7173.9
 681 2870     1 longslit1 1  681.0 2870.0 7245.2
1002 2871     1 longslit1 1 1002.0 2871.0 7245.2
 685 2701     1 longslit1 1  685.0 2701.0 7438.9
1006 2702     1 longslit1 1 1006.0 2702.0 7438.9
 675 3116     1 longslit1 1  675.0 3116.0 6965.4
 996 3117     1 longslit1 1  996.0 3117.0 6965.4
 679 2956     1 longslit1 1  679.0 2956.0 7147.0
1000 2957     1 longslit1 1 1000.0 2957.0 7147.0
 684 2749     1 longslit1 1  684.0 2749.0 7384.0
1004 2750     1 longslit1 1 1004.0 2750.0 7384.0
 689 2532     1 longslit1 1  689.0 2532.0 7635.1
1009 2533     1 longslit1 1 1009.0 2533.0 7635.1
 691 2455     1 longslit1 1  691.0 2455.0 7724.2
1011 2456     1 longslit1 1 1011.0 2456.0 7724.2
 696 2263     1 longslit1 1  696.0 2263.0 7948.2
1016 2264     1 longslit1 1 1016.0 2264.0 7948.2
 702 1994     1 longslit1 1  702.0 1994.0 8264.5
1022 1996     1 longslit1 1 1022.0 1996.0 8264.5
 705 1873     1 longslit1 1  705.0 1873.0 8408.2
1025 1874     1 longslit1 1 1025.0 1874.0 8408.2
 707 1778     1 longslit1 1  707.0 1778.0 8521.4
1027 1779     1 longslit1 1 1027.0 1779.0 8521.4
 710 1654     1 longslit1 1  710.0 1654.0 8667.9
1030 1656     1 longslit1 1 1030.0 1656.0 8667.9
 719 1273     1 longslit1 1  719.0 1273.0 9123.0
1039 1275     1 longslit1 1 1039.0 1275.0 9123.0
 721 1189     1 longslit1 1  721.0 1189.0 9224.5
1041 1190     1 longslit1 1 1041.0 1190.0 9224.5
 723 1080     1 longslit1 1  723.0 1080.0 9354.2
1044 1082     1 longslit1 1 1044.0 1082.0 9354.2
 729  827     1 longslit1 1  729.0  827.0 9657.8
1050  829     1 longslit1 1 1050.0  829.0 9657.8
 731  722     1 longslit1 1  731.0  722.0 9784.5
1052  723     1 longslit1 1 1052.0  723.0 9784.5
 744  147     1 longslit1 1  744.0  147.0 10470.5
1067  149     1 longslit1 1 1067.0  149.0 10470.5
 750 -157     1 longslit1 -1  750.0 -157.0 10830.8
1074 -156     1 longslit1 -1 1074.0 -156.0 10830.8
 655 3929     2 longslit2 1  655.0 3929.0 6074.3
 978 3930     2 longslit2 1  978.0 3930.0 6074.3
 657 3845     2 longslit2 1  657.0 3845.0 6163.6
 980 3846     2 longslit2 1  980.0 3846.0 6163.6
 659 3795     2 longslit2 1  659.0 3795.0 6217.3
 981 3796     2 longslit2 1  981.0 3796.0 6217.3
 660 3749     2 longslit2 1  660.0 3749.0 6266.5
 982 3750     2 longslit2 1  982.0 3750.0 6266.5
 661 3686     2 longslit2 1  661.0 3686.0 6334.4
 984 3687     2 longslit2 1  984.0 3687.0 6334.4
 663 3624     2 longslit2 1  663.0 3624.0 6402.2
 985 3625     2 longslit2 1  985.0 3625.0 6402.2
 665 3529     2 longslit2 1  665.0 3529.0 6506.5
 987 3530     2 longslit2 1  987.0 3530.0 6506.5
 666 3505     2 longslit2 1  666.0 3505.0 6532.9
 988 3506     2 longslit2 1  988.0 3506.0 6532.9
 667 3445     2 longslit2 1  667.0 3445.0 6599.0
 989 3446     2 longslit2 1  989.0 3446.0 6599.0
 670 3338     2 longslit2 1  670.0 3338.0 6717.0
 991 3339     2 longslit2 1  991.0 3339.0 6717.0
 675 3148     2 longslit2 1  675.0 3148.0 6929.5
 995 3149     2 longslit2 1  995.0 3149.0 6929.5
 680 2932     2 longslit2 1  680.0 2932.0 7173.9
1000 2933     2 longslit2 1 1000.0 2933.0 7173.9
 681 2870     2 longslit2 1  681.0 2870.0 7245.2
1002 2871     2 longslit2 1 1002.0 2871.0 7245.2
 685 2701     2 longslit2 1  685.0 2701.0 7438.9
1006 2702     2 longslit2 1 1006.0 2702.0 7438.9
 675 3116     2 longslit2 1  675.0 3116.0 6965.4
 996 3117     2 longslit2 1  996.0 3117.0 6965.4
 679 2956     2 longslit2 1  679.0 2956.0 7147.0
1000 2957     2 longslit2 1 1000.0 2957.0 7147.0
 684 2749     2 longslit2 1  684.0 2749.0 7384.0
1004 2750     2 longslit2 1 1004.0 2750.0 7384.0
 689 2532     2 longslit2 1  689.0 2532.0 7635.1
1009 2533     2 longslit2 1 1009.0 2533.0 7635.1
 691 2455     2 longslit2 1  691.0 2455.0 7724.2
1011 2456     2 longslit2 1 1011.0 2456.0 7724.2
 696 2263     2 longslit2 1  696.0 2263.0 7948.2
1016 2264     2 longslit2 1 1016.0 2264.0 7948.2
 702 1994     2 longslit2 1  702.0 1994.0 8264.5
1022 1996     2 longslit2 1 1022.0 1996.0 8264.5
 705 1873     2 longslit2 1  705.0 1873.0 8408.2
1025 1874     2 longslit2 1 1025.0 1874.0 8408.2
 707 1778     2 longslit2 1  707.0 1778.0 8521.4
1027 1779     2 longslit2 1 1027.0 1779.0 8521.4
 710 1654     2 longslit2 1  710.0 1654.0 8667.9
1030 1656     2 longslit2 1 1030.0 1656.0 8667.9
 719 1273     2 longslit2 1  719.0 1273.0 9123.0
1039 1275     2 longslit2 1 1039.0 1275.0 9123.0
 721 1189     2 longslit2 1  721.0 1189.0 9224.5
1041 1190     2 longslit2 1 1041.0 1190.0 9224.5
 723 1080     2 longslit2 1  723.0 1080.0 9354.2
1044 1082     2 longslit2 1 1044.0 1082.0 9354.2
 729  827     2 longslit2 1  729.0  827.0 9657.8
1050  829     2 longslit2 1 1050.0  829.0 9657.8
 731  722     2 longslit2 1  731.0  722.0 9784.5
1052  723     2 longslit2 1 1052.0  723.0 9784.5
 744  147     2 longslit2 1  744.0  147.0 10470.5
1067  149     2 longslit2 1 1067.0  149.0 10470.5
 750 -157     2 longslit2 -1  750.0 -157.0 10830.8
1074 -156     2 longslit2 -1 1074.0 -156.0 10830.8
